-25.748111 -32.617128 -17.382872 
-25.481288 -76.591819 -13.514360 
-16.443506 -60.954593 -6.741288 
-27.130818 -94.490566 -4.744654 
-5.422833 -92.133192 -2.570825 
-12.099222 -65.379377 6.105058 
-47.049841 -70.844115 10.502651 
-25.745455 -88.014973 20.497326 
-7.196676 -81.469991 25.944598 
-53.156146 -22.393355 7.929568 
-37.237736 -21.200000 15.501887 
-54.476712 -11.335160 13.607306 
-54.596396 -8.248649 33.448649 
-39.275901 -23.193694 58.925676 
-10.796639 -26.320168 63.507563 
-46.618105 -56.808421 -12.533053 
-57.489703 -24.997712 38.508009 
-25.083573 -68.065706 48.131412 
-41.692870 -34.438757 48.018282 
-5.804938 -59.819753 56.429630 
-22.317328 -50.498956 66.135699 
-48.051948 6.022511 27.743723 
-27.076112 -2.878220 58.889930 
-58.620945 -37.707136 30.153846 
-41.604147 -1.585297 -6.610745 
-38.086331 12.105516 6.441247 
-29.603175 43.542328 29.755291 
-5.113208 19.571069 33.601258 
-10.631420 -34.386707 45.879154 
-6.131213 3.222664 61.455268 
-13.649650 32.433433 -19.884885 
-33.423062 0.954107 -34.814501 
-56.665888 -32.246495 -21.154206 
-37.492182 -53.962770 46.361876 
-43.089704 32.611621 20.211009 
-9.563636 -73.094545 37.490909 
-3.743879 -26.256121 32.553672 
-55.196172 -3.414354 -20.338756 
-57.904500 -31.779614 -1.515152 
-57.176339 -50.053571 11.680804 
-47.252091 -63.264038 35.586619 
-34.755994 21.732017 -11.001410 
-46.232419 33.462344 -1.713716 
-5.864307 46.520354 -0.881416 
-23.021167 59.933291 -1.406030 
-9.915091 44.534157 39.614049 
-40.956150 14.419251 47.863102 
-25.094118 20.360000 51.400000 
-11.372973 -55.805405 13.009009 
-5.774905 -53.031179 32.911027 
31.651711 -30.672243 -21.400760 
27.081246 -65.126451 -11.679902 
49.328544 -60.025862 -10.963602 
22.469484 -93.827856 -3.651539 
8.011561 -76.203138 4.578035 
16.615730 -57.889139 6.217228 
36.307368 -81.598596 16.906667 
13.135466 -86.108918 28.781484 
53.181762 -15.694393 6.039433 
40.653913 -15.450435 14.949565 
56.688953 -4.107558 11.578488 
57.483230 -5.167702 30.561491 
46.382199 -10.654450 48.062827 
41.139887 -21.576560 59.587902 
30.288165 -37.499142 63.732419 
11.336658 -24.039900 65.318703 
50.843419 -62.884591 15.715533 
49.582837 -23.773540 41.959476 
39.274276 -45.158433 49.143101 
26.522396 -66.781436 50.199676 
14.607385 -52.510927 65.656368 
48.838217 9.892994 27.169427 
28.153191 -2.431206 58.895035 
58.032445 -42.115875 13.323291 
60.250000 -25.575188 27.906015 
40.417125 7.982875 0.669113 
10.677463 -30.207827 45.357625 
7.913333 5.746667 52.528000 
12.783620 36.541962 -19.497472 
38.361592 -0.269827 -35.335156 
57.812734 -38.646692 43.173533 
45.203008 -62.468045 45.866541 
29.868996 57.091703 -2.611354 
45.275986 38.738351 14.970609 
31.590563 45.506849 29.159817 
43.234568 16.541838 45.120713 
5.071429 -27.098639 32.819728 
6.342765 26.683913 31.531124 
10.129804 -64.631939 42.215201 
54.735721 -50.731849 30.569216 
61.499736 -23.392084 -17.939842 
50.819495 6.402527 -17.189531 
57.321185 -26.235383 -2.314351 
35.212637 26.828676 -13.737546 
50.882521 28.038204 -0.015282 
6.777898 48.235103 0.621885 
11.823450 45.896786 39.923947 
26.086747 24.163855 49.418474 
12.713710 -54.100806 14.612903 
7.072039 -52.583639 30.222222 
